255,255,255 255,255,255 255,255,255 255,255,255 255,255,255 255,255,255 255,255,255 255,255,255 255,255,255 255,255,255 255,255,255 255,255,255 255,255,255 255,255,255 255,255,255 255,255,255 255,255,255 255,255,255 255,255,255 255,255,255 255,255,255 255,255,255 255,255,255 255,255,255 255,255,255 255,255,255 255,255,255 255,255,255 255,255,255 255,255,255 255,255,255
255,255,255 255,255,255 255,255,255 255,255,255 255,255,255 255,255,255 255,255,255 255,255,255 255,255,255 255,255,255 255,255,255 255,255,255 255,255,255 255,255,255 255,255,255 255,255,255 255,255,255 255,255,255 255,255,255 255,255,255 255,255,255 255,255,255 255,255,255 255,255,255 255,255,255 255,255,255 255,255,255 255,255,255 255,255,255 255,255,255 255,255,255
255,255,255 255,255,255 255,255,255 255,255,255 30,30,30 255,255,255 255,255,255 255,255,255 255,255,255 255,255,255 255,255,255 255,255,255 255,255,255 255,255,255 255,255,255 255,255,255 255,255,255 255,255,255 255,255,255 255,255,255 255,255,255 255,255,255 255,255,255 255,255,255 255,255,255 255,255,255 30,30,30 255,255,255 255,255,255 255,255,255 255,255,255
255,255,255 255,255,255 255,255,255 200,0,0 200,0,0 200,0,0 255,255,255 255,255,255 255,255,255 255,255,255 255,255,255 255,255,255 255,255,255 255,255,255 255,255,255 255,255,255 255,255,255 255,255,255 255,255,255 255,255,255 255,255,255 255,255,255 255,255,255 255,255,255 255,255,255 200,0,0 200,0,0 200,0,0 255,255,255 255,255,255 255,255,255
255,255,255 255,255,255 30,30,30 200,0,0 200,0,0 255,255,255 255,255,255 255,255,255 255,255,255 255,255,255 255,255,255 255,255,255 255,255,255 255,255,255 255,255,255 255,255,255 255,255,255 255,255,255 255,255,255 255,255,255 255,255,255 255,255,255 255,255,255 255,255,255 255,255,255 255,255,255 200,0,0 200,0,0 30,30,30 255,255,255 255,255,255
255,255,255 255,255,255 255,255,255 200,0,0 255,255,255 30,30,30 255,255,255 255,255,255 255,255,255 255,255,255 255,255,255 255,255,255 255,255,255 255,255,255 255,255,255 255,255,255 255,255,255 255,255,255 255,255,255 255,255,255 255,255,255 255,255,255 255,255,255 255,255,255 255,255,255 30,30,30 255,255,255 200,0,0 255,255,255 255,255,255 255,255,255
255,255,255 255,255,255 255,255,255 255,255,255 255,255,255 255,255,255 30,30,30 255,255,255 255,255,255 255,255,255 255,255,255 255,255,255 255,255,255 255,255,255 255,255,255 255,255,255 255,255,255 255,255,255 255,255,255 255,255,255 255,255,255 255,255,255 255,255,255 255,255,255 30,30,30 255,255,255 255,255,255 255,255,255 255,255,255 255,255,255 255,255,255
255,255,255 255,255,255 255,255,255 255,255,255 255,255,255 255,255,255 255,255,255 30,30,30 255,255,255 255,255,255 255,255,255 255,255,255 255,255,255 255,255,255 255,255,255 255,255,255 255,255,255 255,255,255 255,255,255 255,255,255 255,255,255 255,255,255 255,255,255 30,30,30 255,255,255 255,255,255 255,255,255 255,255,255 255,255,255 255,255,255 255,255,255
255,255,255 255,255,255 255,255,255 255,255,255 255,255,255 255,255,255 255,255,255 255,255,255 30,30,30 255,255,255 255,255,255 255,255,255 255,255,255 255,255,255 200,0,0 255,255,255 200,0,0 255,255,255 255,255,255 255,255,255 255,255,255 255,255,255 30,30,30 255,255,255 255,255,255 255,255,255 255,255,255 255,255,255 255,255,255 255,255,255 255,255,255
255,255,255 255,255,255 255,255,255 255,255,255 255,255,255 255,255,255 255,255,255 255,255,255 255,255,255 30,30,30 200,0,0 255,255,255 255,255,255 255,255,255 200,0,0 200,0,0 200,0,0 255,255,255 255,255,255 255,255,255 200,0,0 30,30,30 255,255,255 255,255,255 255,255,255 255,255,255 255,255,255 255,255,255 255,255,255 255,255,255 255,255,255
255,255,255 255,255,255 255,255,255 255,255,255 255,255,255 255,255,255 255,255,255 255,255,255 255,255,255 200,0,0 200,0,0 200,0,0 255,255,255 255,255,255 200,0,0 200,0,0 200,0,0 255,255,255 255,255,255 200,0,0 200,0,0 200,0,0 255,255,255 255,255,255 255,255,255 255,255,255 255,255,255 255,255,255 255,255,255 255,255,255 255,255,255
255,255,255 255,255,255 255,255,255 255,255,255 255,255,255 255,255,255 255,255,255 255,255,255 255,255,255 255,255,255 200,0,0 30,30,30 200,0,0 255,255,255 200,0,0 255,255,255 200,0,0 255,255,255 200,0,0 30,30,30 200,0,0 255,255,255 255,255,255 255,255,255 255,255,255 255,255,255 255,255,255 255,255,255 255,255,255 255,255,255 255,255,255
255,255,255 255,255,255 255,255,255 255,255,255 255,255,255 255,255,255 255,255,255 255,255,255 255,255,255 255,255,255 255,255,255 200,0,0 255,255,255 255,255,255 30,30,30 30,30,30 30,30,30 255,255,255 255,255,255 200,0,0 255,255,255 255,255,255 255,255,255 255,255,255 255,255,255 255,255,255 255,255,255 255,255,255 255,255,255 255,255,255 255,255,255
255,255,255 255,255,255 255,255,255 255,255,255 255,255,255 255,255,255 255,255,255 255,255,255 255,255,255 255,255,255 255,255,255 255,255,255 255,255,255 200,0,0 30,30,30 200,0,0 30,30,30 200,0,0 255,255,255 255,255,255 255,255,255 255,255,255 255,255,255 255,255,255 255,255,255 255,255,255 255,255,255 255,255,255 255,255,255 255,255,255 255,255,255
255,255,255 255,255,255 255,255,255 255,255,255 255,255,255 255,255,255 255,255,255 255,255,255 200,0,0 200,0,0 200,0,0 200,0,0 30,30,30 30,30,30 200,0,0 255,255,255 200,0,0 30,30,30 30,30,30 200,0,0 200,0,0 200,0,0 200,0,0 255,255,255 255,255,255 255,255,255 255,255,255 255,255,255 255,255,255 255,255,255 255,255,255
255,255,255 255,255,255 255,255,255 255,255,255 255,255,255 255,255,255 255,255,255 255,255,255 255,255,255 200,0,0 200,0,0 255,255,255 30,30,30 200,0,0 255,255,255 255,255,255 255,255,255 200,0,0 30,30,30 255,255,255 200,0,0 200,0,0 255,255,255 255,255,255 255,255,255 255,255,255 255,255,255 255,255,255 255,255,255 255,255,255 255,255,255
255,255,255 255,255,255 255,255,255 255,255,255 255,255,255 255,255,255 255,255,255 255,255,255 200,0,0 200,0,0 200,0,0 200,0,0 30,30,30 30,30,30 200,0,0 255,255,255 200,0,0 30,30,30 30,30,30 200,0,0 200,0,0 200,0,0 200,0,0 255,255,255 255,255,255 255,255,255 255,255,255 255,255,255 255,255,255 255,255,255 255,255,255
255,255,255 255,255,255 255,255,255 255,255,255 255,255,255 255,255,255 255,255,255 255,255,255 255,255,255 255,255,255 255,255,255 255,255,255 255,255,255 200,0,0 30,30,30 200,0,0 30,30,30 200,0,0 255,255,255 255,255,255 255,255,255 255,255,255 255,255,255 255,255,255 255,255,255 255,255,255 255,255,255 255,255,255 255,255,255 255,255,255 255,255,255
255,255,255 255,255,255 255,255,255 255,255,255 255,255,255 255,255,255 255,255,255 255,255,255 255,255,255 255,255,255 255,255,255 200,0,0 255,255,255 255,255,255 30,30,30 30,30,30 30,30,30 255,255,255 255,255,255 200,0,0 255,255,255 255,255,255 255,255,255 255,255,255 255,255,255 255,255,255 255,255,255 255,255,255 255,255,255 255,255,255 255,255,255
255,255,255 255,255,255 255,255,255 255,255,255 255,255,255 255,255,255 255,255,255 255,255,255 255,255,255 255,255,255 200,0,0 30,30,30 200,0,0 255,255,255 200,0,0 255,255,255 200,0,0 255,255,255 200,0,0 30,30,30 200,0,0 255,255,255 255,255,255 255,255,255 255,255,255 255,255,255 255,255,255 255,255,255 255,255,255 255,255,255 255,255,255
255,255,255 255,255,255 255,255,255 255,255,255 255,255,255 255,255,255 255,255,255 255,255,255 255,255,255 200,0,0 200,0,0 200,0,0 255,255,255 255,255,255 200,0,0 200,0,0 200,0,0 255,255,255 255,255,255 200,0,0 200,0,0 200,0,0 255,255,255 255,255,255 255,255,255 255,255,255 255,255,255 255,255,255 255,255,255 255,255,255 255,255,255
255,255,255 255,255,255 255,255,255 255,255,255 255,255,255 255,255,255 255,255,255 255,255,255 255,255,255 30,30,30 200,0,0 255,255,255 255,255,255 255,255,255 200,0,0 200,0,0 200,0,0 255,255,255 255,255,255 255,255,255 200,0,0 30,30,30 255,255,255 255,255,255 255,255,255 255,255,255 255,255,255 255,255,255 255,255,255 255,255,255 255,255,255
255,255,255 255,255,255 255,255,255 255,255,255 255,255,255 255,255,255 255,255,255 255,255,255 30,30,30 255,255,255 255,255,255 255,255,255 255,255,255 255,255,255 200,0,0 255,255,255 200,0,0 255,255,255 255,255,255 255,255,255 255,255,255 255,255,255 30,30,30 255,255,255 255,255,255 255,255,255 255,255,255 255,255,255 255,255,255 255,255,255 255,255,255
255,255,255 255,255,255 255,255,255 255,255,255 255,255,255 255,255,255 255,255,255 30,30,30 255,255,255 255,255,255 255,255,255 255,255,255 255,255,255 255,255,255 255,255,255 255,255,255 255,255,255 255,255,255 255,255,255 255,255,255 255,255,255 255,255,255 255,255,255 30,30,30 255,255,255 255,255,255 255,255,255 255,255,255 255,255,255 255,255,255 255,255,255
255,255,255 255,255,255 255,255,255 255,255,255 255,255,255 255,255,255 30,30,30 255,255,255 255,255,255 255,255,255 255,255,255 255,255,255 255,255,255 255,255,255 255,255,255 255,255,255 255,255,255 255,255,255 255,255,255 255,255,255 255,255,255 255,255,255 255,255,255 255,255,255 30,30,30 255,255,255 255,255,255 255,255,255 255,255,255 255,255,255 255,255,255
255,255,255 255,255,255 255,255,255 200,0,0 255,255,255 30,30,30 255,255,255 255,255,255 255,255,255 255,255,255 255,255,255 255,255,255 255,255,255 255,255,255 255,255,255 255,255,255 255,255,255 255,255,255 255,255,255 255,255,255 255,255,255 255,255,255 255,255,255 255,255,255 255,255,255 30,30,30 255,255,255 200,0,0 255,255,255 255,255,255 255,255,255
255,255,255 255,255,255 30,30,30 200,0,0 200,0,0 255,255,255 255,255,255 255,255,255 255,255,255 255,255,255 255,255,255 255,255,255 255,255,255 255,255,255 255,255,255 255,255,255 255,255,255 255,255,255 255,255,255 255,255,255 255,255,255 255,255,255 255,255,255 255,255,255 255,255,255 255,255,255 200,0,0 200,0,0 30,30,30 255,255,255 255,255,255
255,255,255 255,255,255 255,255,255 200,0,0 200,0,0 200,0,0 255,255,255 255,255,255 255,255,255 255,255,255 255,255,255 255,255,255 255,255,255 255,255,255 255,255,255 255,255,255 255,255,255 255,255,255 255,255,255 255,255,255 255,255,255 255,255,255 255,255,255 255,255,255 255,255,255 200,0,0 200,0,0 200,0,0 255,255,255 255,255,255 255,255,255
255,255,255 255,255,255 255,255,255 255,255,255 30,30,30 255,255,255 255,255,255 255,255,255 255,255,255 255,255,255 255,255,255 255,255,255 255,255,255 255,255,255 255,255,255 255,255,255 255,255,255 255,255,255 255,255,255 255,255,255 255,255,255 255,255,255 255,255,255 255,255,255 255,255,255 255,255,255 30,30,30 255,255,255 255,255,255 255,255,255 255,255,255
255,255,255 255,255,255 255,255,255 255,255,255 255,255,255 255,255,255 255,255,255 255,255,255 255,255,255 255,255,255 255,255,255 255,255,255 255,255,255 255,255,255 255,255,255 255,255,255 255,255,255 255,255,255 255,255,255 255,255,255 255,255,255 255,255,255 255,255,255 255,255,255 255,255,255 255,255,255 255,255,255 255,255,255 255,255,255 255,255,255 255,255,255
255,255,255 255,255,255 255,255,255 255,255,255 255,255,255 255,255,255 255,255,255 255,255,255 255,255,255 255,255,255 255,255,255 255,255,255 255,255,255 255,255,255 255,255,255 255,255,255 255,255,255 255,255,255 255,255,255 255,255,255 255,255,255 255,255,255 255,255,255 255,255,255 255,255,255 255,255,255 255,255,255 255,255,255 255,255,255 255,255,255 255,255,255
